E02004527
E02004528
E02004529
E02004530
E02004531
E02004532
E02004533
E02004534
E02004535
E02004536
E02004537
E02004538
E02004539
E02004540
E02004541
E02004542
E02004543
